1, inf, 0, 1.000000 
2, 4238.000000, 100, 2.000000 
3, 3054.000000, 200, 4.000000 
4, 872.000000, 300, 12.000000 
5, 766.000000, 400, 13.000000 
6, 150.000000, 5133, 968.000000 
7, 134.000000, 5533, 1151.000000 
8, 95.000000, 96021, 23117.000000 
9, 84.000000, 112821, 25805.000000 
1, inf, 0, 1.000000 
2, 3054.000000, 100, 7.000000 
3, 872.000000, 300, 12.000000 
4, 766.000000, 400, 13.000000 
5, 150.000000, 5133, 968.000000 
6, 134.000000, 5433, 1100.000000 
1, inf, 0, 1.000000 
2, 3054.000000, 100, 2.000000 
3, 872.000000, 300, 12.000000 
4, 766.000000, 400, 13.000000 
5, 150.000000, 5133, 968.000000 
6, 134.000000, 5533, 1087.000000 
7, 95.000000, 96221, 23121.000000 
8, 84.000000, 113021, 25809.000000 
1, inf, 0, 1.000000 
2, 87614.000000, 100, 3.000000 
3, 3054.000000, 201, 11.000000 
4, 782.000000, 701, 116.000000 
5, 366.000000, 801, 117.000000 
6, 150.000000, 901, 118.000000 
1, inf, 0, 1.000000 
2, 4238.000000, 100, 2.000000 
3, 3054.000000, 200, 4.000000 
4, 872.000000, 300, 12.000000 
5, 766.000000, 400, 13.000000 
6, 150.000000, 5133, 968.000000 
7, 134.000000, 5533, 1151.000000 
8, 95.000000, 96021, 23117.000000 
9, 84.000000, 112821, 25805.000000 
1, inf, 0, 1.000000 
2, 3054.000000, 100, 3.000000 
3, 872.000000, 300, 12.000000 
4, 766.000000, 400, 13.000000 
5, 150.000000, 5133, 996.000000 
6, 134.000000, 5533, 1088.000000 
1, inf, 0, 1.000000 
2, 4238.000000, 100, 3.000000 
3, 3054.000000, 200, 8.000000 
4, 872.000000, 300, 12.000000 
5, 766.000000, 400, 13.000000 
6, 150.000000, 5133, 968.000000 
7, 134.000000, 5433, 1248.000000 
1, inf, 0, 1.000000 
1, inf, 0, 1.000000 
1, inf, 0, 1.000000 
2, 4238.000000, 100, 3.000000 
3, 3054.000000, 200, 8.000000 
4, 872.000000, 300, 12.000000 
5, 766.000000, 400, 13.000000 
6, 150.000000, 5133, 968.000000 
7, 134.000000, 5433, 1247.000000 
8, 115.000000, 84721, 19503.000000 
9, 95.000000, 105821, 23217.000000 
10, 84.000000, 122021, 25836.000000 
1, inf, 0, 1.000000 
2, 4238.000000, 100, 2.000000 
3, 3054.000000, 200, 4.000000 
4, 872.000000, 300, 12.000000 
5, 766.000000, 400, 13.000000 
6, 150.000000, 5133, 968.000000 
7, 134.000000, 5533, 1150.000000 
1, inf, 0, 1.000000 
1, inf, 0, 1.000000 
2, 3054.000000, 100, 2.000000 
3, 872.000000, 300, 12.000000 
4, 766.000000, 400, 13.000000 
5, 150.000000, 5133, 968.000000 
6, 134.000000, 5533, 1088.000000 
7, 95.000000, 96021, 23117.000000 
8, 84.000000, 112821, 25805.000000 
1, inf, 0, 1.000000 
2, 3054.000000, 100, 3.000000 
3, 872.000000, 300, 12.000000 
4, 766.000000, 400, 13.000000 
5, 150.000000, 5133, 996.000000 
6, 134.000000, 5533, 1087.000000 
1, inf, 0, 1.000000 
2, 4238.000000, 100, 7.000000 
3, 3054.000000, 200, 9.000000 
4, 872.000000, 300, 12.000000 
5, 766.000000, 400, 13.000000 
6, 150.000000, 5133, 996.000000 
7, 134.000000, 5433, 1163.000000 
8, 115.000000, 84721, 19531.000000 
9, 95.000000, 105821, 23406.000000 
10, 84.000000, 122021, 26025.000000 
1, inf, 0, 1.000000 
2, 87614.000000, 100, 3.000000 
3, 3054.000000, 201, 11.000000 
4, 782.000000, 701, 87.000000 
5, 366.000000, 801, 88.000000 
6, 150.000000, 901, 89.000000 
1, inf, 0, 1.000000 
2, 87614.000000, 100, 3.000000 
3, 4238.000000, 201, 12.000000 
4, 3054.000000, 301, 17.000000 
5, 782.000000, 401, 29.000000 
6, 366.000000, 501, 30.000000 
7, 150.000000, 601, 31.000000 
1, inf, 0, 1.000000 
2, 87614.000000, 100, 3.000000 
3, 3054.000000, 201, 11.000000 
4, 366.000000, 601, 25.000000 
5, 150.000000, 1201, 73.000000 
1, inf, 0, 1.000000 
2, 87614.000000, 100, 3.000000 
3, 3054.000000, 201, 16.000000 
4, 366.000000, 601, 30.000000 
5, 150.000000, 1201, 115.000000 
1, inf, 0, 1.000000 
2, 87614.000000, 100, 3.000000 
3, 4238.000000, 201, 12.000000 
4, 3054.000000, 301, 17.000000 
5, 366.000000, 601, 24.000000 
6, 150.000000, 901, 66.000000 
1, inf, 0, 1.000000 
2, 87614.000000, 100, 3.000000 
3, 4238.000000, 201, 11.000000 
4, 3054.000000, 301, 13.000000 
5, 366.000000, 601, 23.000000 
6, 150.000000, 901, 34.000000 
1, inf, 0, 1.000000 
2, 87614.000000, 100, 3.000000 
3, 4238.000000, 201, 11.000000 
4, 3054.000000, 301, 13.000000 
5, 366.000000, 601, 23.000000 
6, 150.000000, 901, 34.000000 
1, inf, 0, 1.000000 
2, 4238.000000, 100, 7.000000 
3, 3054.000000, 200, 8.000000 
4, 2070.000000, 1009, 25.000000 
1, inf, 0, 1.000000 
2, 4238.000000, 100, 7.000000 
3, 3054.000000, 200, 8.000000 
4, 2070.000000, 1009, 25.000000 
1, inf, 0, 1.000000 
2, 4238.000000, 100, 7.000000 
3, 3054.000000, 200, 8.000000 
4, 2070.000000, 1009, 25.000000 
1, inf, 0, 1.000000 
2, 4238.000000, 100, 7.000000 
3, 3054.000000, 200, 8.000000 
4, 2070.000000, 1009, 25.000000 
1, inf, 0, 1.000000 
2, 87614.000000, 100, 3.000000 
3, 4238.000000, 201, 11.000000 
4, 3054.000000, 301, 13.000000 
5, 366.000000, 701, 26.000000 
6, 150.000000, 1301, 41.000000 
7, 134.000000, 4078, 539.000000 
8, 134.000000, 33341, 437.550945 
1, inf, 0, 1.000000 
2, 87614.000000, 100, 3.000000 
3, 4238.000000, 201, 11.000000 
4, 3054.000000, 301, 13.000000 
5, 366.000000, 701, 26.000000 
6, 150.000000, 1301, 41.000000 
7, 134.000000, 4078, 539.000000 
8, 134.000000, 33865, 559.652275 
