1, inf, 0, 1.000000 
2, 4238.000000, 100, 8.000000 
3, 3054.000000, 200, 10.000000 
4, 872.000000, 300, 13.000000 
5, 766.000000, 400, 14.000000 
6, 366.000000, 7611, 8538.000000 
7, 150.000000, 7711, 8539.000000 
8, 134.000000, 7811, 8936.000000 
9, 69.000000, 200261, 96377.000000 
1, inf, 0, 1.000000 
2, 4238.000000, 100, 2.000000 
3, 3054.000000, 200, 9.000000 
4, 872.000000, 300, 13.000000 
5, 766.000000, 400, 14.000000 
6, 366.000000, 7611, 8538.000000 
7, 150.000000, 7711, 8539.000000 
8, 134.000000, 7811, 9068.000000 
9, 69.000000, 200261, 43511.000000 
